75
75
75
78
79
79
79
79
77
77
77
77
77
77
77.8
77.5
78.8
78.8
79.0
79.0
78.8
78.6
79.1
79.0
78.6
78.3
78.3
78.3
78.3
78.3
78.2
78.2
78.2
78.1
78.5
78.4
77.8
77.6
77.5
77.4
77.3
77.2
77.1
76.9
76.9
76.9
76.8
76.7
76.6
76.6
76.5
76.4
76.3
76.2
76.2
76.1
76.2
74.9
74.3
74.1
74.1
74.1
74.2
74.7
74.6
75.0
75.3
75.7
75.9
76.1
76.2
76.4
76.6
76.9
77.3
77.5
77.5
77.9
78.6
79.0
79.3
79.2
79.1
79.3
79.4
79.5
79.7
79.9
80.2
80.2
80.4
80.5
80.6
80.6
80.6
80.7
80.5
80.8
80.7
80.6
80.5
80.3
80.1
79.9
79.8
79.7
79.6
79.5
79.4
79.3
79.1
78.9
78.8
78.4
77.8
77.4
76.7
76.5
76.5
76.3
75.9
76.0
76.2
76.0
75.8
76.0
75.8
76.0
76.0
75.9
75.9
75.8
75.7
75.5
75.4
75.4
75.2
75.1
75.0
74.9
74.7
74.7
74.9
74.8
74.9
74.9
74.3
72.9
72.1
71.8
71.5
71.9
72.0
72.1
72.2
72.3
72.3
72.4
72.6
72.9
73.0
73.4
73.5
74.0
74.8
74.7
74.8
75.3
