79
77
77
76
76
76
76
75
70
70
70
70
70
70
70.34
70.16
67.28
67.26
66.86
66.98
66.48
66.16
65.83
67.09
66.89
66.69
66.49
66.86
66.65
66.43
66.21
65.86
65.67
65.5
65.39
65.75
65.56
65.26
64.97
64.44
64.18
63.93
63.67
63.84
63.63
63.52
63.41
64.24
64.32
64.52
64.73
65.3
65.69
66.28
66.87
66.64
67.33
69.91
70.21
71.23
72.25
72.57
74.06
75.18
76.28
75.38
76.89
78.14
79.04
79.33
80.34
81.26
82.11
80.98
81.74
82.32
82.86
81.97
82.51
81.37
81.33
81.29
81.25
80.92
80.5
80.02
79.86
80.39
79.36
78.76
77.78
77.46
76.62
75.7
74.8
75.25
74.53
73.71
72.69
72.59
71.88
71.15
70.32
69.64
69.04
68.42
67.8
68.01
67.38
66.84
66.33
65.21
64.94
64.68
64.4
65.36
65.08
64.8
64.69
64.62
64.41
64.08
63.84
63.0
62.85
62.7
62.61
62.23
62.05
61.85
61.65
61.4
61.32
61.2
61.13
61.04
61.24
61.49
61.95
62.55
62.97
63.48
63.98
64.14
64.8
65.42
66.17
65.61
66.59
67.6
68.28
67.64
68.7
69.78
70.3
69.87
71.2
72.17
73.15
72.11
73.17
74.31
75.22
76.1
77.0
77.88
78.55
77.91
